100.0;-1.0;-1.0;-1.0;-50.0;-1.0;-20.0;-5.0;-1.0;-1.0;-1.0;-10.0;-1.0;-10.0;-1.0;-1.0;-1.0;-5.0;-20.0;-1.0;-50.0;-1.0;-1.0;-1.0;100.0;
100.0;54.242;30.032;11.592;-50.0;56.123;21.847;16.967;8.156;-1.0;31.05;10.31;9.634;-5.327;-1.0;12.197;6.945;0.019;-20.0;56.123;-50.0;-1.0;-1.0;54.242;100.0;
100.0;71.069;48.695;25.737;-50.0;74.749;39.716;33.55;20.323;5.825;51.777;27.016;23.752;4.696;33.181;27.908;20.476;11.084;24.894;75.262;-50.0;1.065;33.421;72.008;100.0;
100.0;78.12;59.415;35.914;-50.0;82.258;48.687;44.296;30.374;19.238;63.551;38.975;34.591;21.768;54.335;39.352;31.146;27.487;42.551;82.893;-50.0;20.174;52.521;79.153;100.0;
100.0;81.656;65.712;42.652;-50.0;85.799;53.736;51.104;39.793;34.074;70.302;46.67;43.473;38.67;66.199;46.684;40.684;42.954;51.511;86.466;-50.0;35.3;63.216;82.694;100.0;
100.0;83.629;69.522;47.448;-50.0;87.668;56.714;55.769;47.854;44.856;74.237;52.07;50.517;48.898;72.75;51.418;47.858;52.489;56.278;88.294;-50.0;44.571;69.184;84.579;100.0;
100.0;84.791;71.988;50.983;-50.0;88.722;58.609;59.104;53.278;51.419;76.645;55.807;55.195;54.798;76.367;54.496;52.548;57.905;58.88;89.272;-50.0;49.962;72.5;85.609;100.0;
100.0;85.526;73.679;53.412;-50.0;89.357;59.871;61.359;56.675;55.204;78.174;58.231;58.135;58.168;78.372;56.478;55.463;60.97;60.322;89.806;-50.0;53.043;74.353;86.18;100.0;
100.0;86.016;74.824;55.005;-50.0;89.759;60.705;62.832;58.75;57.349;79.152;59.763;59.95;60.092;79.489;57.739;58.016;62.788;61.138;90.104;-50.0;54.954;75.424;86.504;100.0;
100.0;86.343;75.581;56.023;-50.0;90.018;61.248;63.774;60.004;58.562;79.776;60.872;61.099;61.199;80.117;58.613;59.592;63.856;61.604;90.271;-50.0;56.092;76.047;86.69;100.0;
100.0;86.558;76.071;56.663;-50.0;90.185;61.612;64.375;60.763;59.25;80.194;61.583;61.812;61.839;80.472;59.19;60.537;64.482;61.873;90.366;-50.0;56.761;76.409;86.798;100.0;
100.0;86.699;76.386;57.064;-50.0;90.295;61.848;64.754;61.223;59.643;80.471;62.028;62.251;62.211;80.674;59.562;61.1;64.85;62.029;90.42;-50.0;57.154;76.621;86.86;100.0;
100.0;86.791;76.587;57.314;-50.0;90.368;61.998;64.992;61.502;59.869;80.649;62.304;62.521;62.428;80.79;59.798;61.435;65.066;62.12;90.451;-50.0;57.385;76.745;86.897;100.0;
100.0;86.85;76.714;57.469;-50.0;90.415;62.094;65.141;61.671;59.999;80.763;62.474;62.685;62.556;80.858;59.945;61.635;65.194;62.173;90.469;-50.0;57.521;76.817;86.918;100.0;
100.0;86.887;76.793;57.565;-50.0;90.445;62.153;65.233;61.773;60.075;80.835;62.579;62.786;62.631;80.897;60.037;61.754;65.269;62.204;90.48;-50.0;57.601;76.86;86.931;100.0;
100.0;86.911;76.842;57.625;-50.0;90.464;62.19;65.289;61.835;60.119;80.88;62.643;62.847;62.676;80.919;60.094;61.825;65.314;62.223;90.486;-50.0;57.649;76.885;86.938;100.0;
100.0;86.925;76.873;57.661;-50.0;90.476;62.213;65.324;61.873;60.145;80.908;62.682;62.885;62.702;80.933;60.128;61.867;65.34;62.234;90.49;-50.0;57.677;76.9;86.942;100.0;
100.0;86.934;76.892;57.683;-50.0;90.483;62.227;65.346;61.895;60.16;80.925;62.705;62.907;62.718;80.941;60.15;61.893;65.356;62.24;90.492;-50.0;57.693;76.909;86.945;100.0;
100.0;86.94;76.904;57.697;-50.0;90.488;62.236;65.359;61.909;60.169;80.935;62.72;62.921;62.728;80.945;60.163;61.908;65.365;62.244;90.493;-50.0;57.703;76.914;86.946;100.0;
100.0;86.943;76.911;57.705;-50.0;90.491;62.241;65.367;61.918;60.175;80.942;62.728;62.929;62.733;80.948;60.171;61.917;65.371;62.246;90.494;-50.0;57.709;76.917;86.947;100.0;
100.0;86.945;76.915;57.71;-50.0;90.492;62.244;65.372;61.923;60.178;80.946;62.734;62.934;62.737;80.95;60.175;61.922;65.374;62.247;90.494;-50.0;57.713;76.919;86.948;100.0;
100.0;86.947;76.918;57.713;-50.0;90.493;62.246;65.375;61.926;60.18;80.948;62.737;62.938;62.739;80.951;60.178;61.925;65.376;62.248;90.495;-50.0;57.715;76.92;86.948;100.0;
100.0;86.947;76.919;57.715;-50.0;90.494;62.248;65.377;61.928;60.181;80.95;62.739;62.939;62.74;80.951;60.18;61.927;65.378;62.249;90.495;-50.0;57.716;76.921;86.948;100.0;
100.0;86.948;76.92;57.716;-50.0;90.494;62.248;65.378;61.929;60.182;80.951;62.74;62.94;62.741;80.951;60.181;61.929;65.378;62.249;90.495;-50.0;57.717;76.921;86.948;100.0;
100.0;86.948;76.921;57.717;-50.0;90.495;62.249;65.378;61.929;60.182;80.951;62.741;62.941;62.741;80.952;60.182;61.929;65.379;62.249;90.495;-50.0;57.717;76.922;86.948;100.0;
100.0;86.948;76.921;57.717;-50.0;90.495;62.249;65.379;61.93;60.182;80.952;62.741;62.942;62.741;80.952;60.182;61.93;65.379;62.249;90.495;-50.0;57.717;76.922;86.949;100.0;
100.0;86.948;76.922;57.718;-50.0;90.495;62.249;65.379;61.93;60.183;80.952;62.741;62.942;62.741;80.952;60.182;61.93;65.379;62.249;90.495;-50.0;57.718;76.922;86.949;100.0;
100.0;86.948;76.922;57.718;-50.0;90.495;62.249;65.379;61.93;60.183;80.952;62.741;62.942;62.742;80.952;60.183;61.93;65.379;62.249;90.495;-50.0;57.718;76.922;86.949;100.0;
100.0;86.949;76.922;57.718;-50.0;90.495;62.249;65.379;61.93;60.183;80.952;62.742;62.942;62.742;80.952;60.183;61.93;65.379;62.249;90.495;-50.0;57.718;76.922;86.949;100.0;
100.0;86.949;76.922;57.718;-50.0;90.495;62.249;65.379;61.93;60.183;80.952;62.742;62.942;62.742;80.952;60.183;61.93;65.379;62.249;90.495;-50.0;57.718;76.922;86.949;100.0;
100.0;86.949;76.922;57.718;-50.0;90.495;62.249;65.379;61.93;60.183;80.952;62.742;62.942;62.742;80.952;60.183;61.93;65.379;62.249;90.495;-50.0;57.718;76.922;86.949;100.0;
100.0;86.949;76.922;57.718;-50.0;90.495;62.249;65.379;61.93;60.183;80.952;62.742;62.942;62.742;80.952;60.183;61.93;65.379;62.249;90.495;-50.0;57.718;76.922;86.949;100.0;
100.0;86.949;76.922;57.718;-50.0;90.495;62.249;65.379;61.93;60.183;80.952;62.742;62.942;62.742;80.952;60.183;61.93;65.379;62.249;90.495;-50.0;57.718;76.922;86.949;100.0;
